1 : 0.9352 0.0924 0.1030 0.0972 0.1068 0.1349 0.0647 0.0888 0.1449 0.1234 
2 : 0.4308 0.9314 0.1054 0.0870 0.1192 0.0697 0.0984 0.0961 0.1146 0.0966 
3 : 0.2887 0.3527 0.9244 0.0739 0.1808 0.0889 0.0665 0.0590 0.1153 0.0808 
4 : 0.1885 0.2738 0.5919 0.9202 0.1173 0.0856 0.0741 0.1179 0.1222 0.1195 
5 : 0.2343 0.1902 0.3636 0.7171 0.9077 0.0976 0.1182 0.0994 0.1095 0.1200 
6 : 0.2233 0.1582 0.3807 0.5456 0.5329 0.9124 0.0878 0.1037 0.0892 0.0998 
7 : 0.1606 0.1933 0.2574 0.2684 0.3796 0.4023 0.9065 0.1006 0.1046 0.0923 
8 : 0.1451 0.2169 0.2913 0.3770 0.4176 0.4943 0.7268 0.9149 0.0955 0.0814 
9 : 0.1462 0.2540 0.2547 0.2014 0.2481 0.3901 0.5038 0.5074 0.9179 0.0906 
10 : 0.2084 0.2568 0.3038 0.2628 0.2113 0.4228 0.4961 0.4746 0.5233 0.9131 
