1 : 0.9456 0.1339 0.1322 0.0778 0.1286 0.1136 0.1223 0.0764 0.1186 0.0871 
2 : 0.8808 0.9326 0.1458 0.1217 0.1141 0.0976 0.1165 0.1397 0.1070 0.1078 
3 : 0.7646 0.8870 0.9075 0.1093 0.1961 0.0883 0.0935 0.1447 0.1116 0.0821 
4 : 0.6730 0.8347 0.7885 0.9017 0.1515 0.1138 0.0998 0.1305 0.1112 0.0766 
5 : 0.6619 0.7900 0.7841 0.8539 0.9014 0.0859 0.1372 0.1256 0.1106 0.0796 
6 : 0.7192 0.7829 0.7608 0.8266 0.8638 0.8987 0.1328 0.1384 0.0995 0.0737 
7 : 0.6473 0.6539 0.7615 0.7725 0.7388 0.7157 0.8669 0.1497 0.0835 0.0713 
8 : 0.6441 0.6260 0.7675 0.6848 0.6640 0.6255 0.6671 0.8831 0.0795 0.0936 
9 : 0.6001 0.6319 0.7556 0.5908 0.7183 0.5810 0.5842 0.7737 0.8775 0.0987 
10 : 0.6079 0.5837 0.6264 0.6025 0.6622 0.5068 0.5560 0.8123 0.6750 0.8611 
