1 : 0.9345 0.1099 0.0944 0.0867 0.1042 0.0944 0.0945 0.1165 0.0990 0.0937 
2 : 0.7438 0.8851 0.0524 0.0737 0.1539 0.0735 0.0428 0.1149 0.0871 0.0999 
3 : 0.6841 0.7085 0.8363 0.0826 0.1632 0.1042 0.0736 0.0857 0.1092 0.1196 
4 : 0.6767 0.6979 0.7512 0.8023 0.1627 0.0910 0.0635 0.1061 0.0999 0.1218 
5 : 0.6604 0.6975 0.6635 0.7278 0.7958 0.1196 0.0883 0.1167 0.1068 0.0817 
6 : 0.6552 0.6941 0.6418 0.7302 0.6655 0.7234 0.0824 0.1050 0.0912 0.1063 
7 : 0.6442 0.6976 0.6192 0.7055 0.6801 0.6974 0.7921 0.1038 0.0886 0.0971 
8 : 0.5508 0.6967 0.6193 0.6840 0.6869 0.6760 0.7199 0.5561 0.0897 0.0930 
9 : 0.5738 0.6082 0.5104 0.6122 0.6875 0.6173 0.5555 0.4769 0.6778 0.1026 
10 : 0.5833 0.6385 0.4819 0.6519 0.6758 0.6076 0.5846 0.4519 0.6287 0.5898 
