1 : 0.9379 0.0939 0.1222 0.1479 0.1197 0.1123 0.0828 0.0997 0.1042 0.0753 
2 : 0.9372 0.8762 0.0872 0.1018 0.1024 0.0679 0.0693 0.1008 0.0721 0.0750 
3 : 0.9366 0.8630 0.8233 0.0807 0.1263 0.1401 0.0723 0.1019 0.1191 0.1005 
4 : 0.9337 0.7655 0.6621 0.7837 0.1112 0.1338 0.0922 0.0960 0.0970 0.1349 
5 : 0.9327 0.7723 0.6462 0.7410 0.6294 0.1583 0.0883 0.0870 0.1298 0.0968 
6 : 0.9318 0.7822 0.5045 0.6062 0.6004 0.6163 0.0958 0.1140 0.1274 0.1152 
7 : 0.9315 0.7326 0.3960 0.4466 0.3813 0.4792 0.3356 0.1196 0.1032 0.1087 
8 : 0.9321 0.7105 0.3566 0.3993 0.3400 0.4464 0.3341 0.2673 0.1049 0.1045 
9 : 0.9328 0.6823 0.2979 0.3760 0.3133 0.4236 0.3310 0.2676 0.1823 0.1011 
10 : 0.9319 0.6820 0.3072 0.3792 0.3126 0.4283 0.3282 0.2665 0.1831 0.1994 
