1 : 0.9417 0.1285 0.1210 0.1086 0.0805 0.0984 0.0836 0.0785 0.1377 0.0713 
2 : 0.2052 0.9407 0.0798 0.0971 0.1017 0.0691 0.1267 0.1170 0.1009 0.0766 
3 : 0.1344 0.2855 0.9345 0.1577 0.1285 0.1203 0.0961 0.1015 0.0836 0.0895 
4 : 0.0991 0.1973 0.5480 0.8670 0.1101 0.1235 0.1038 0.1102 0.0974 0.1204 
5 : 0.1108 0.0994 0.1340 0.1827 0.8874 0.0850 0.0910 0.1635 0.1416 0.1183 
6 : 0.0986 0.0841 0.0997 0.0758 0.5114 0.8539 0.0853 0.0993 0.0858 0.1000 
7 : 0.1031 0.1345 0.0906 0.1327 0.0862 0.2128 0.8375 0.0965 0.0857 0.1126 
8 : 0.0856 0.2158 0.1338 0.1758 0.0971 0.1035 0.2550 0.8327 0.0947 0.0916 
9 : 0.0829 0.1367 0.1280 0.0955 0.0806 0.0837 0.1384 0.4484 0.8225 0.1108 
10 : 0.0704 0.1454 0.0813 0.1168 0.1459 0.1260 0.1430 0.2426 0.2215 0.6953 
