1 : 0.9632 0.1111 0.1203 0.0743 0.1045 0.1215 0.0776 0.1298 0.1500 0.0903 
2 : 0.9620 0.9359 0.0883 0.1039 0.0975 0.1193 0.0720 0.1321 0.0830 0.0945 
3 : 0.9614 0.9186 0.9406 0.0765 0.1290 0.0823 0.0739 0.1371 0.0767 0.1026 
4 : 0.9612 0.9113 0.9355 0.9145 0.1384 0.0836 0.0953 0.1314 0.0943 0.1026 
5 : 0.9582 0.9026 0.9181 0.8967 0.8883 0.0980 0.0976 0.1253 0.1186 0.0971 
6 : 0.9558 0.8831 0.8342 0.8683 0.8538 0.8568 0.1042 0.1421 0.0975 0.0893 
7 : 0.9538 0.8318 0.8494 0.7466 0.7902 0.8191 0.8678 0.1403 0.0989 0.0760 
8 : 0.9527 0.7578 0.7775 0.5986 0.6741 0.6608 0.8367 0.8594 0.1072 0.0799 
9 : 0.9503 0.7496 0.7179 0.4519 0.5950 0.5675 0.7548 0.8442 0.7541 0.0753 
10 : 0.9476 0.7667 0.7056 0.4526 0.5568 0.5171 0.7255 0.8149 0.6851 0.6692 
