1 : 0.9467 0.1044 0.1086 0.0794 0.0843 0.0850 0.1224 0.1262 0.0983 0.0991 
2 : 0.9348 0.9053 0.1210 0.0958 0.0888 0.0826 0.1067 0.1115 0.1214 0.1204 
3 : 0.9114 0.8691 0.8956 0.0914 0.1352 0.0827 0.1470 0.0994 0.1239 0.1336 
4 : 0.8822 0.8022 0.7906 0.8915 0.1296 0.0734 0.1167 0.1284 0.1274 0.1248 
5 : 0.8765 0.7935 0.7709 0.8548 0.8410 0.1091 0.1318 0.1515 0.1317 0.0963 
6 : 0.8587 0.8258 0.7286 0.8213 0.7546 0.8350 0.1137 0.1517 0.1252 0.0986 
7 : 0.8118 0.7923 0.7130 0.7752 0.7979 0.7744 0.8567 0.1257 0.1257 0.0850 
8 : 0.7644 0.7734 0.6928 0.7262 0.7088 0.6541 0.8258 0.8598 0.1329 0.0887 
9 : 0.7984 0.7899 0.7216 0.7924 0.7870 0.6314 0.8313 0.8481 0.8161 0.0780 
10 : 0.7938 0.7572 0.6932 0.7758 0.7901 0.7035 0.8242 0.8293 0.7426 0.8221 
