1 : 0.9563 0.0633 0.1020 0.1157 0.0842 0.1390 0.1039 0.1344 0.1009 0.0761 
2 : 0.9404 0.9480 0.1179 0.0829 0.1406 0.1378 0.1217 0.1165 0.0984 0.0855 
3 : 0.9216 0.9327 0.9235 0.0775 0.1325 0.0834 0.0977 0.1093 0.0888 0.0564 
4 : 0.9131 0.9322 0.9188 0.9424 0.1402 0.0859 0.0978 0.1159 0.1033 0.0836 
5 : 0.8980 0.8998 0.8650 0.9204 0.9160 0.0925 0.0760 0.1147 0.1168 0.1061 
6 : 0.8918 0.9233 0.8858 0.9347 0.9205 0.9315 0.0916 0.1147 0.1036 0.0768 
7 : 0.8680 0.9098 0.8641 0.9282 0.9130 0.9140 0.9296 0.1104 0.1141 0.0948 
8 : 0.8727 0.9046 0.8593 0.9215 0.8725 0.8958 0.9274 0.9074 0.1052 0.0981 
9 : 0.9034 0.8951 0.8240 0.8973 0.8691 0.8668 0.9200 0.8981 0.9150 0.1118 
10 : 0.8751 0.8834 0.8356 0.8947 0.8790 0.8393 0.9128 0.9067 0.9015 0.9233 
