1 : 0.9635 0.1005 0.1295 0.0977 0.1144 0.0944 0.1236 0.1266 0.1432 0.0822 
2 : 0.9610 0.9448 0.1037 0.0790 0.1095 0.0876 0.0995 0.0797 0.0998 0.0827 
3 : 0.9616 0.9331 0.9245 0.0927 0.1488 0.0879 0.1095 0.1093 0.1006 0.0763 
4 : 0.9596 0.9319 0.8176 0.9102 0.1217 0.0766 0.1213 0.1085 0.1145 0.0808 
5 : 0.9590 0.9184 0.8674 0.8656 0.8850 0.0700 0.1440 0.1066 0.1213 0.0813 
6 : 0.9605 0.8917 0.7891 0.7614 0.8246 0.8930 0.1490 0.1132 0.0942 0.1068 
7 : 0.9587 0.8612 0.7445 0.6977 0.6976 0.8406 0.8833 0.1171 0.0999 0.0833 
8 : 0.9585 0.5877 0.4952 0.4229 0.4778 0.6437 0.7483 0.8644 0.0848 0.1036 
9 : 0.9600 0.6178 0.5373 0.5144 0.4863 0.5793 0.6329 0.8085 0.8582 0.0799 
10 : 0.9597 0.5406 0.3385 0.4188 0.3623 0.4149 0.6085 0.5755 0.4894 0.7757 
