1 : 0.9533 0.0699 0.1161 0.1294 0.1335 0.1171 0.0826 0.1456 0.1180 0.1201 
2 : 0.9369 0.7196 0.1031 0.1126 0.0986 0.1070 0.1788 0.0928 0.1123 0.0978 
3 : 0.9391 0.6665 0.9602 0.0838 0.1662 0.0928 0.1226 0.1077 0.0967 0.1083 
4 : 0.9439 0.6039 0.9493 0.9527 0.1494 0.1104 0.1458 0.1098 0.0931 0.0995 
5 : 0.9334 0.6227 0.9200 0.9355 0.9254 0.1236 0.1314 0.0986 0.0910 0.0917 
6 : 0.9300 0.6404 0.9009 0.9197 0.9221 0.9308 0.1464 0.1532 0.0775 0.0967 
7 : 0.9271 0.6105 0.8556 0.8415 0.7615 0.8735 0.9225 0.1329 0.0919 0.1152 
8 : 0.9278 0.6043 0.8418 0.8482 0.8062 0.8608 0.9199 0.9287 0.0878 0.1200 
9 : 0.9165 0.5763 0.7912 0.8318 0.7976 0.8300 0.8679 0.9173 0.9162 0.1179 
10 : 0.8964 0.5850 0.7736 0.8445 0.7829 0.8469 0.8675 0.8950 0.8845 0.9429 
