1 : 0.9393 0.0977 0.1234 0.1127 0.1137 0.1330 0.0595 0.1046 0.0839 0.0963 
2 : 0.8938 0.8896 0.0862 0.0946 0.1126 0.0780 0.0975 0.1515 0.0959 0.0861 
3 : 0.8536 0.8841 0.9184 0.0792 0.1587 0.1018 0.0969 0.1056 0.1041 0.0805 
4 : 0.8059 0.8787 0.9090 0.9104 0.1399 0.1088 0.0980 0.0962 0.1142 0.1250 
5 : 0.7864 0.8984 0.9211 0.9274 0.9263 0.1075 0.1049 0.0996 0.1175 0.0994 
6 : 0.7891 0.8951 0.9103 0.8924 0.9064 0.9018 0.1136 0.0860 0.0827 0.0684 
7 : 0.7746 0.8904 0.9205 0.8839 0.8950 0.9024 0.8968 0.0875 0.0816 0.0786 
8 : 0.6970 0.8939 0.9075 0.8648 0.8726 0.8809 0.8674 0.8895 0.1177 0.0855 
9 : 0.6737 0.8708 0.9010 0.8552 0.8664 0.8489 0.8577 0.8673 0.9108 0.0954 
10 : 0.6409 0.8747 0.8969 0.8603 0.8810 0.8336 0.8459 0.8753 0.9095 0.8929 
