1 : 0.9547 0.1033 0.1012 0.0778 0.0703 0.0874 0.0894 0.0768 0.0995 0.0928 
2 : 0.9533 0.1009 0.1018 0.1009 0.0998 0.1009 0.1020 0.0989 0.1011 0.0976 
3 : 0.9484 0.0975 0.8789 0.1014 0.1124 0.1064 0.0991 0.0980 0.1062 0.1023 
4 : 0.9455 0.0964 0.8641 0.9144 0.1496 0.1447 0.0700 0.1323 0.1018 0.1160 
5 : 0.9409 0.1210 0.8274 0.7746 0.8743 0.1018 0.0779 0.1002 0.1060 0.0889 
6 : 0.9380 0.1238 0.7455 0.5802 0.8657 0.8433 0.0873 0.1248 0.1082 0.1092 
7 : 0.9391 0.1055 0.6617 0.7149 0.8061 0.8290 0.8770 0.1400 0.1014 0.0921 
8 : 0.9318 0.1125 0.6993 0.6388 0.7585 0.8162 0.8791 0.8627 0.1091 0.0708 
9 : 0.9317 0.1086 0.7254 0.7155 0.7900 0.7922 0.8478 0.8397 0.8411 0.0852 
10 : 0.9308 0.0959 0.5314 0.5450 0.5229 0.4847 0.5852 0.6029 0.5147 0.8492 
