1 : 0.9569 0.1415 0.1122 0.0993 0.1068 0.1461 0.0639 0.0834 0.1037 0.0927 
2 : 0.9074 0.0958 0.0956 0.0980 0.0954 0.1070 0.0741 0.1129 0.1022 0.0691 
3 : 0.9082 0.0958 0.1032 0.1098 0.1027 0.1032 0.1033 0.1040 0.1055 0.1020 
4 : 0.9107 0.0957 0.1032 0.1032 0.1031 0.1033 0.1032 0.1032 0.1032 0.1032 
5 : 0.9108 0.0957 0.1032 0.1032 0.1032 0.1032 0.1032 0.1032 0.1032 0.1032 
6 : 0.9107 0.0957 0.1032 0.1032 0.1032 0.1032 0.1032 0.1032 0.1032 0.1032 
7 : 0.9113 0.0962 0.1032 0.1032 0.1032 0.1032 0.1032 0.1032 0.1032 0.1032 
8 : 0.9112 0.0959 0.1032 0.1032 0.1032 0.1032 0.1032 0.1032 0.1032 0.1032 
9 : 0.9114 0.0957 0.1032 0.1032 0.1032 0.1032 0.1032 0.1032 0.1032 0.1032 
10 : 0.9114 0.0955 0.1032 0.1032 0.1032 0.1032 0.1032 0.1032 0.1032 0.1032 
