1 : 0.9553 0.0882 0.0963 0.0810 0.0677 0.1518 0.1037 0.0898 0.0942 0.0895 
2 : 0.9450 0.1009 0.1007 0.1010 0.1009 0.1009 0.1009 0.1008 0.1009 0.1009 
3 : 0.9440 0.1009 0.1009 0.1009 0.1009 0.1009 0.1009 0.1008 0.1009 0.1009 
4 : 0.9435 0.1009 0.1009 0.1009 0.1009 0.1009 0.1009 0.1008 0.1009 0.1009 
5 : 0.9436 0.1009 0.1009 0.1009 0.1009 0.1009 0.1009 0.1009 0.1009 0.1009 
6 : 0.9433 0.1135 0.1135 0.1135 0.1135 0.1149 0.1089 0.1122 0.1135 0.1135 
7 : 0.9435 0.1135 0.1135 0.1135 0.1135 0.1149 0.1134 0.1124 0.1135 0.1135 
8 : 0.9433 0.1135 0.1135 0.1135 0.1135 0.1149 0.1134 0.1135 0.1135 0.1135 
9 : 0.9429 0.1135 0.1135 0.1135 0.1135 0.1149 0.1134 0.1135 0.1135 0.1135 
10 : 0.9431 0.1135 0.1135 0.1135 0.1135 0.1149 0.1134 0.1135 0.1135 0.1135 
