1 : 0.9536 0.0840 0.1164 0.0718 0.0989 0.1086 0.1054 0.1136 0.1005 0.0900 
2 : 0.9467 0.9326 0.0724 0.0818 0.0876 0.0886 0.1382 0.0680 0.0778 0.1050 
3 : 0.9468 0.9152 0.9144 0.1120 0.1473 0.1252 0.1129 0.0811 0.0877 0.1301 
4 : 0.9493 0.9193 0.8855 0.9221 0.1287 0.1304 0.0875 0.0824 0.0887 0.1294 
5 : 0.9419 0.9077 0.8978 0.9119 0.8840 0.1185 0.0987 0.0793 0.0689 0.1045 
6 : 0.9389 0.9073 0.8416 0.8751 0.8265 0.8939 0.0798 0.0677 0.0758 0.1102 
7 : 0.9349 0.8981 0.8094 0.8565 0.7437 0.8053 0.8695 0.0843 0.0759 0.1040 
8 : 0.9286 0.8503 0.7803 0.7987 0.7850 0.7644 0.8118 0.8522 0.0903 0.1026 
9 : 0.9284 0.8810 0.7273 0.8154 0.7772 0.8102 0.8138 0.8316 0.8006 0.1187 
10 : 0.9343 0.8776 0.5870 0.5477 0.7578 0.6682 0.7665 0.7899 0.5221 0.8474 
