1 : 0.9548 0.0678 0.1087 0.1057 0.0887 0.1327 0.0673 0.1306 0.1260 0.0841 
2 : 0.9479 0.9349 0.0961 0.0784 0.0992 0.0981 0.1029 0.1142 0.1048 0.0602 
3 : 0.9498 0.9278 0.9136 0.0543 0.0848 0.0834 0.0900 0.0952 0.0875 0.0699 
4 : 0.9447 0.8993 0.8710 0.8904 0.0990 0.0957 0.1155 0.1036 0.0912 0.0790 
5 : 0.9377 0.9040 0.8535 0.8806 0.8807 0.1209 0.1125 0.0968 0.0756 0.0794 
6 : 0.9350 0.9090 0.8480 0.8721 0.8590 0.8694 0.1140 0.1042 0.0785 0.0961 
7 : 0.9305 0.8824 0.8565 0.8721 0.8214 0.8473 0.8544 0.0996 0.0793 0.1063 
8 : 0.9396 0.8928 0.7646 0.8613 0.8138 0.8447 0.8421 0.8815 0.0985 0.0958 
9 : 0.9392 0.8809 0.7884 0.8328 0.7864 0.7815 0.7909 0.8561 0.8183 0.1036 
10 : 0.9373 0.8569 0.7963 0.8216 0.6899 0.7548 0.7990 0.7932 0.7250 0.8217 
