1 : 0.9533 0.0892 0.1013 0.0886 0.1228 0.1036 0.0985 0.1346 0.0942 0.0689 
2 : 0.9429 0.9181 0.0694 0.0937 0.0813 0.1014 0.1303 0.1071 0.0799 0.0867 
3 : 0.9332 0.8537 0.8692 0.0902 0.1163 0.0982 0.1258 0.0955 0.1030 0.0724 
4 : 0.9361 0.8659 0.8880 0.8875 0.1491 0.0862 0.0997 0.1098 0.0874 0.1100 
5 : 0.9344 0.8909 0.8902 0.8868 0.8771 0.0852 0.1015 0.1124 0.0969 0.0866 
6 : 0.9240 0.8620 0.8073 0.8655 0.8427 0.8634 0.0989 0.1623 0.0814 0.0973 
7 : 0.9202 0.8268 0.8169 0.8389 0.8226 0.8331 0.8479 0.1837 0.0822 0.1003 
8 : 0.9085 0.7889 0.7206 0.8084 0.7494 0.8219 0.8278 0.8308 0.0688 0.1026 
9 : 0.8978 0.7968 0.7479 0.7871 0.7180 0.7864 0.8176 0.8288 0.8529 0.0850 
10 : 0.8972 0.8224 0.7760 0.7950 0.7233 0.7624 0.8016 0.8041 0.8307 0.8231 
