1 : 0.9588 0.1065 0.1386 0.1033 0.0924 0.1022 0.1324 0.1194 0.0941 0.1436 
2 : 0.9356 0.2090 0.1008 0.1011 0.1018 0.1011 0.1008 0.1015 0.1008 0.1009 
3 : 0.9356 0.2091 0.1009 0.1012 0.1013 0.1009 0.1008 0.1010 0.1009 0.1009 
4 : 0.8497 0.2101 0.1009 0.2110 0.1012 0.1009 0.1024 0.1010 0.1009 0.1009 
5 : 0.8471 0.2108 0.1009 0.2114 0.2086 0.1009 0.1055 0.1018 0.1009 0.1009 
6 : 0.8464 0.2108 0.1009 0.2114 0.2086 0.1009 0.1054 0.1017 0.1009 0.1009 
7 : 0.8463 0.2107 0.1009 0.2115 0.2089 0.1009 0.2081 0.1073 0.1009 0.1009 
8 : 0.8483 0.2100 0.1009 0.2110 0.2078 0.1009 0.2065 0.1986 0.1009 0.1009 
9 : 0.8483 0.2100 0.1009 0.2110 0.2078 0.1009 0.2065 0.1986 0.1009 0.1009 
10 : 0.8481 0.2100 0.1009 0.2110 0.2078 0.1009 0.2066 0.1986 0.1009 0.1009 
