1 : 0.9539 0.1152 0.0870 0.1245 0.1076 0.1162 0.1282 0.1153 0.1507 0.1073 
2 : 0.9440 0.9360 0.0575 0.1043 0.0911 0.1026 0.1208 0.0838 0.1067 0.1097 
3 : 0.9399 0.9256 0.9273 0.0978 0.1150 0.0998 0.1407 0.1073 0.0914 0.0699 
4 : 0.9445 0.8995 0.8795 0.9008 0.1359 0.1056 0.1250 0.1009 0.1125 0.0921 
5 : 0.9452 0.8701 0.8545 0.7948 0.8941 0.1009 0.1314 0.0857 0.1237 0.1119 
6 : 0.9417 0.8781 0.8256 0.7792 0.8551 0.8931 0.1212 0.0769 0.0960 0.1127 
7 : 0.9427 0.8542 0.8108 0.8092 0.8103 0.8727 0.8659 0.0835 0.0906 0.0827 
8 : 0.9102 0.8062 0.7341 0.8004 0.6575 0.7698 0.8039 0.8417 0.1118 0.0870 
9 : 0.8921 0.7768 0.6771 0.6997 0.6265 0.6697 0.7501 0.8042 0.8314 0.0753 
10 : 0.9095 0.7021 0.5058 0.4961 0.4964 0.5657 0.5426 0.4903 0.4894 0.7727 
