1 : 0.9553 0.0516 0.1355 0.0994 0.1432 0.1087 0.0865 0.1186 0.0630 0.1124 
2 : 0.9539 0.9356 0.1063 0.1303 0.1069 0.0912 0.1115 0.1348 0.0993 0.1325 
3 : 0.9504 0.9416 0.9300 0.1110 0.1235 0.0855 0.1106 0.1471 0.1111 0.1277 
4 : 0.9415 0.9192 0.9183 0.9280 0.1472 0.0869 0.1204 0.1104 0.1129 0.1277 
5 : 0.9421 0.9175 0.9258 0.9322 0.9353 0.1015 0.1054 0.1452 0.1172 0.1102 
6 : 0.9431 0.9225 0.9198 0.9250 0.9291 0.9280 0.1073 0.1778 0.1143 0.1072 
7 : 0.9386 0.9061 0.9029 0.9171 0.9001 0.9053 0.9244 0.1373 0.1373 0.1002 
8 : 0.9327 0.8890 0.8620 0.9037 0.8734 0.8876 0.9183 0.9106 0.1310 0.1028 
9 : 0.9238 0.8312 0.8053 0.8417 0.8435 0.8207 0.9046 0.8879 0.9164 0.1001 
10 : 0.9250 0.8560 0.6674 0.8311 0.7906 0.8364 0.8504 0.8536 0.8664 0.9154 
