1 : 0.9231 0.1155 0.0868 0.0962 0.0949 0.0708 0.0571 0.0872 0.0695 0.1000 
2 : 0.8599 0.8963 0.0747 0.0977 0.0716 0.0728 0.0960 0.1208 0.0847 0.1044 
3 : 0.8182 0.8960 0.8961 0.0927 0.0854 0.0997 0.0927 0.1045 0.0984 0.0658 
4 : 0.7771 0.8548 0.8523 0.8829 0.0924 0.1173 0.1186 0.1194 0.0885 0.0934 
5 : 0.7189 0.8564 0.8249 0.8045 0.8715 0.1070 0.1150 0.1262 0.0599 0.0984 
6 : 0.6839 0.8217 0.7941 0.6835 0.8312 0.8492 0.0897 0.0953 0.0740 0.0889 
7 : 0.6286 0.7959 0.7519 0.6661 0.7891 0.8538 0.8674 0.0702 0.0590 0.0999 
8 : 0.5905 0.8318 0.8026 0.6869 0.8110 0.8449 0.8577 0.8528 0.0504 0.0918 
9 : 0.5129 0.7405 0.7796 0.7412 0.8019 0.7193 0.8292 0.8059 0.8351 0.0968 
10 : 0.4934 0.7183 0.6844 0.7224 0.7582 0.6693 0.7650 0.7946 0.7857 0.8502 
