1 : 0.9556 0.0942 0.0965 0.1063 0.0960 0.0844 0.0767 0.1162 0.1175 0.0918 
2 : 0.9348 0.9150 0.0681 0.0835 0.1177 0.1016 0.1070 0.0819 0.0928 0.1041 
3 : 0.9250 0.8706 0.8798 0.0931 0.1316 0.0972 0.0756 0.1330 0.0941 0.0803 
4 : 0.9382 0.8947 0.8678 0.8924 0.1226 0.0873 0.0859 0.1418 0.0989 0.0961 
5 : 0.9376 0.8864 0.8617 0.8900 0.8767 0.0852 0.0753 0.1241 0.0966 0.0922 
6 : 0.9513 0.8814 0.8236 0.8158 0.8374 0.8296 0.0814 0.1417 0.0862 0.0901 
7 : 0.9327 0.8707 0.7894 0.8347 0.8116 0.7105 0.8661 0.1488 0.0914 0.1069 
8 : 0.9323 0.8508 0.7303 0.8132 0.6692 0.7061 0.8389 0.8364 0.0838 0.0860 
9 : 0.9317 0.8243 0.7746 0.7894 0.7569 0.6806 0.6950 0.8006 0.8237 0.0903 
10 : 0.9337 0.8397 0.7575 0.7584 0.7630 0.6921 0.7241 0.7891 0.7406 0.8332 
