1 : 0.9542 0.0925 0.1035 0.1022 0.0849 0.1180 0.1060 0.1140 0.1238 0.0773 
2 : 0.9402 0.9445 0.0871 0.1105 0.0657 0.0808 0.0828 0.0818 0.1271 0.0905 
3 : 0.9362 0.9315 0.9496 0.1003 0.0975 0.0952 0.0886 0.0889 0.1083 0.0987 
4 : 0.9374 0.8966 0.9165 0.9467 0.0877 0.1002 0.1061 0.0984 0.1061 0.0846 
5 : 0.9394 0.9133 0.9135 0.9231 0.9270 0.1026 0.0985 0.0868 0.1061 0.0794 
6 : 0.9431 0.8874 0.8964 0.7977 0.9176 0.9294 0.0868 0.1112 0.1038 0.0730 
7 : 0.9342 0.8547 0.7579 0.8000 0.8823 0.9035 0.9049 0.1018 0.1094 0.0847 
8 : 0.9304 0.8564 0.7735 0.7688 0.8416 0.8922 0.8936 0.9282 0.1028 0.0856 
9 : 0.9358 0.8566 0.7687 0.7991 0.7614 0.8449 0.8457 0.9226 0.9307 0.0934 
10 : 0.9392 0.8598 0.7364 0.7933 0.8015 0.7846 0.8044 0.8985 0.9208 0.9232 
